AP10_2L	Optimal	99805.28	0	0	0.00	41.03
AP10_2T	Optimal	115233.10	0	0	0.00	4.86
AP10_3L	Optimal	70337.49	0	0	0.00	35.26
AP10_3T	Optimal	78517.15	0	1	0.00	3.31
AP10_4L	Optimal	68714.17	0	0	0.00	47.83
AP10_4T	Optimal	70337.49	0	0	0.00	3.69
AP10_5L	Optimal	55439.28	0	0	0.00	54.17
AP10_5T	Optimal	59730.78	0	0	0.00	5.09
AP20_2L	Optimal	110220.25	0	0	0.00	194.71
AP20_2T	Optimal	129086.95	0	0	0.00	1413.59
AP20_3L	Optimal	92839.94	0	0	0.00	485.74
AP20_3T	Optimal	99412.48	0	0	0.00	1165.57
AP20_4L	Optimal	82439.73	204	0	0.00	573.87
AP20_4T	Optimal	84492.95	4979	0	0.00	1776.33
AP20_5L	Optimal	74162.48	0	0	0.00	366.64
AP20_5T	Optimal	75759.94	2273	0	0.00	1839.89
AP20_10L	Optimal	47794.95	0	0	0.00	158.83
AP20_10T	Optimal	47794.95	91	0	0.00	503.91
AP25_2L	Optimal	118497.02	0	0	0.00	3739.42
AP25_3L	Optimal	102737.89	0	0	0.00	1296.31
AP25_3T	Optimal	117182.56	0	0	0.00	5092.78
AP25_4L	Optimal	89747.25	2629	0	0.00	2391.88
AP25_4T	Optimal	104375.53	395	0	0.00	5609.71
AP25_5L	Optimal	82234.52	3293	0	0.00	3116.21
AP25_5T	Optimal	82672.45	112	0	0.00	5720.07
AP25_10L	Optimal	53964.09	0	0	0.00	1121.43
AP25_10T	Optimal	54960.00	1293	0	0.00	5603.72
AP40_2L	Feasible	117685.42	0	1	0.54	7166.63
AP40_3L	Feasible	0.00	0	0	1.00	7184.74
AP40_4L	Feasible	81679.74	0	1	0.71	7175.25
AP40_4T	Feasible	81674.48	0	1	0.63	7172.06
AP40_5L	Feasible	76660.71	0	1	0.69	7173.59
AP40_5T	Feasible	72765.30	0	1	0.61	7165.80
AP40_10L	Feasible	53731.60	0	1	0.80	7193.82
AP40_10T	Feasible	51487.88	0	1	0.82	7174.88
AP50_2L	Feasible	0.00	0	0	1.00	7003.81
AP50_3L	Feasible	0.00	0	0	1.00	7144.78
AP50_4L	Feasible	0.00	0	0	1.00	7147.24
AP50_5L	Feasible	74019.30	0	1	0.67	7307.48
AP50_10L	Feasible	54078.20	0	1	0.84	7145.97
AP50_10T	Feasible	54078.20	0	1	0.80	7154.36
