AP10_2L	Optimal	99805.28	0	0	0.00	38.70
AP10_3L	Optimal	70337.49	0	0	0.00	37.55
AP10_4L	Optimal	68714.17	0	0	0.00	54.71
AP10_5L	Optimal	55439.28	0	0	0.00	61.18
AP20_2L	Optimal	110220.25	0	0	0.00	108.62
AP20_3L	Optimal	92839.94	114	0	0.00	177.70
AP20_4L	Optimal	80901.66	617	0	0.00	294.70
AP20_5L	Optimal	74162.48	0	0	0.00	143.24
AP20_10L	Optimal	47794.95	548	0	0.00	268.19
AP25_2L	Optimal	117182.56	0	0	0.00	1460.14
AP25_3L	Optimal	102737.89	0	0	0.00	546.28
AP25_4L	Optimal	89747.25	0	0	0.00	1313.98
AP25_5L	Optimal	78173.77	0	0	0.00	911.01
AP25_10L	Optimal	53964.09	896	0	0.00	1297.88
AP40_2L	Feasible	117685.42	0	1	0.54	7179.39
AP40_3L	Feasible	94694.81	0	1	0.56	7176.13
AP40_4L	Feasible	82434.24	0	1	0.67	7173.71
AP40_5L	Feasible	72768.26	0	1	0.70	7173.26
AP40_10L	Feasible	54036.97	0	0	0.78	7169.83
AP50_2L	Feasible	0.00	0	0	1.00	7103.25
AP50_3L	Feasible	95698.52	0	1	0.65	7082.42
AP50_4L	Feasible	82415.45	0	1	0.69	7123.18
AP50_5L	Feasible	74020.16	0	1	0.70	7126.53
AP50_10L	Feasible	54078.20	0	1	0.84	7118.15
