AP10_2L	Optimal	39922.11	0	0	0.00	30.30
AP10_2T	Optimal	99805.28	0	0	0.00	40.84
AP10_3L	Optimal	32713.94	0	0	0.00	38.93
AP10_3T	Optimal	70337.49	0	0	0.00	45.96
AP10_4L	Optimal	31577.96	0	0	0.00	33.68
AP10_4T	Optimal	68714.17	0	0	0.00	48.21
AP10_5L	Optimal	30371.32	0	0	0.00	36.20
AP10_5T	Optimal	55439.28	0	0	0.00	80.40
AP20_2L	Optimal	45954.15	0	0	0.00	21.21
AP20_2T	Optimal	110220.25	0	0	0.00	55.39
AP20_3L	Optimal	40909.59	0	0	0.00	22.14
AP20_3T	Optimal	92839.94	0	1	0.00	83.52
AP20_4L	Optimal	38320.25	0	0	0.00	31.81
AP20_4T	Optimal	80901.66	471	0	0.00	133.03
AP20_5L	Optimal	37868.15	0	0	0.00	24.47
AP20_5T	Optimal	74162.48	23	0	0.00	134.00
AP20_10L	Optimal	37868.15	0	0	0.00	18.01
AP20_10T	Optimal	47794.95	559	0	0.00	163.64
AP25_2L	Optimal	51533.30	0	0	0.00	84.31
AP25_2T	Optimal	117182.56	0	0	0.00	265.67
AP25_3L	Optimal	45552.50	0	0	0.00	70.14
AP25_3T	Optimal	102737.89	0	0	0.00	227.09
AP25_4L	Optimal	45552.50	0	0	0.00	80.87
AP25_4T	Optimal	88159.77	282	0	0.00	402.16
AP25_5L	Optimal	45552.50	0	0	0.00	84.41
AP25_5T	Optimal	78173.77	347	0	0.00	458.65
AP25_10L	Optimal	45552.50	0	0	0.00	65.43
AP25_10T	Optimal	53964.09	1225	0	0.00	652.37
AP40_2L	Optimal	61140.80	0	0	0.00	1893.87
AP40_2T	Feasible	128083.20	0	1	0.16	7188.55
AP40_3L	Optimal	56309.88	0	0	0.00	2501.43
AP40_3T	Feasible	98279.19	988	1	0.27	7206.51
AP40_4L	Feasible	51279.14	878	0	0.00	7200.47
AP40_4T	Feasible	82726.64	8	9	0.60	7189.93
AP40_5L	Optimal	49741.20	0	0	0.00	2694.46
AP40_5T	Feasible	79435.96	13	14	0.64	7187.84
AP40_10L	Optimal	49741.20	0	0	0.00	1650.60
AP40_10T	Feasible	54412.07	0	1	0.74	7185.15
AP50_2L	Feasible	58449.92	0	1	0.23	7128.14
AP50_2T	Feasible	0.00	0	0	1.00	6998.03
AP50_3L	Feasible	52896.09	0	1	0.19	7127.38
AP50_3T	Feasible	0.00	0	0	1.00	7092.09
AP50_4L	Feasible	50707.87	0	0	0.44	7131.81
AP50_4T	Feasible	0.00	0	0	1.00	7095.47
AP50_5L	Feasible	50707.87	0	1	0.52	7131.52
AP50_5T	Feasible	0.00	0	0	1.00	7106.51
AP50_10L	Feasible	50707.87	0	1	0.52	7132.40
AP50_10T	Feasible	0.00	0	0	1.00	7100.79
